c 10-ice_breaker problem
p cnf 30 55
-3 -9 0
-4 -6 0
-5 -6 0
-7 -9 0
-8 -9 0
-13 -19 0
-14 -16 0
-15 -16 0
-17 -19 0
-18 -19 0
-23 -29 0
-24 -26 0
-25 -26 0
-27 -29 0
-28 -29 0
-1 -11 0
-1 -21 0
-11 -21 0
1 11 21 0
-2 -12 0
-2 -22 0
-12 -22 0
2 12 22 0
-3 -13 0
-3 -23 0
-13 -23 0
3 13 23 0
-4 -14 0
-4 -24 0
-14 -24 0
4 14 24 0
-5 -15 0
-5 -25 0
-15 -25 0
5 15 25 0
-6 -16 0
-6 -26 0
-16 -26 0
6 16 26 0
-7 -17 0
-7 -27 0
-17 -27 0
7 17 27 0
-8 -18 0
-8 -28 0
-18 -28 0
8 18 28 0
-9 -19 0
-9 -29 0
-19 -29 0
9 19 29 0
-10 -20 0
-10 -30 0
-20 -30 0
10 20 30 0
